4,1,-1,-3,15,10,-6,17,8,6,13,0.342285,-0.288086,0.787598,-3.875,-2.5,-1
-5,4,2,4,0,28,7,4,8,6,13,0.352539,-0.272949,0.788574,-1.5,-2.9375,-1.6875
1,3,2,1,13,24,-26,4,8,6,13,0.362305,-0.297852,0.808105,5.125,1.0625,-1.8125
2,1,3,1,20,18,5,-3,8,6,13,0.345703,-0.307129,0.79834,15.3125,6.5,-2.6875
10,6,5,5,61,28,-2,18,8,6,13,0.349609,-0.317871,0.834473,41.1875,15.5625,-2.625
-1,-1,0,-7,-56,-2,-2,-8,8,6,13,0.348633,-0.168457,0.842285,49.625,18.6875,-1.875
-3,-13,-4,-1,30,-2,-2,4,8,6,13,0.314941,-0.217285,0.860352,48.125,21.125,1.125
0,-2,-3,-8,-13,-25,-5,26,8,7,13,0.30957,-0.18457,0.868164,52.5625,20,1.0625
-2,0,-2,-3,-3,-2,0,-10,8,7,13,0.3125,-0.120117,0.875488,32.375,19.125,-1.4375
0,0,0,-2,-16,-3,2,-1,8,7,13,0.301758,-0.164551,0.890137,33.25,21.5625,-1.375
3,0,-2,5,3,-3,2,4,8,7,13,0.27002,-0.103027,0.881348,44.8125,25.875,-0.8125
0,0,2,1,-6,0,-3,0,8,7,13,0.257812,-0.0800781,0.891113,41.5625,24.6875,0.4375
1,1,-3,4,6,15,-1,-5,8,7,13,0.255371,-0.100098,0.898926,44.5625,24.9375,0
-1,-1,-2,-3,-1,-15,2,-1,8,7,13,0.230469,-0.0239258,0.881836,49,25.5625,0
-2,-1,-1,1,32,0,-3,-2,8,7,13,0.20752,0.0209961,0.890625,44.125,23.4375,1.875
-1,0,-1,0,-48,-10,-3,-1,9,7,13,0.195801,0.0302734,0.909668,40.8125,21.75,0.875
-1,-1,2,7,56,-15,1,-3,9,7,13,0.181152,0.0712891,0.883789,33.25,20,2.3125
0,-2,-1,-3,-12,-27,5,0,9,7,13,0.174316,0.0551758,0.891602,32.4375,19.5625,2.875
1,-2,-3,-6,6,3,9,-1,9,7,13,0.166016,0.0786133,0.897949,39.375,18.8125,3.75
0,1,0,1,-48,-2,-2,-3,9,7,13,0.135742,0.128418,0.913086,44.5625,18.4375,3.6875
0,1,-6,-1,-15,-4,4,1,9,8,13,0.135254,0.158691,0.875488,34.625,14.8125,4.9375
-3,-1,-1,-1,6,-9,-5,-2,9,8,13,0.126465,0.163086,0.886719,32.6875,13.75,6.4375
-1,-3,0,5,38,17,3,-2,9,8,13,0.124512,0.187988,0.890625,34.625,11.875,5.6875
-2,-3,-2,1,0,2,-3,3,9,8,13,0.110352,0.22168,0.896973,36.1875,11.4375,6.75
2,1,-2,-9,-26,12,0,4,9,8,13,0.105957,0.223633,0.880859,36.4375,11.1875,6.1875
-2,-3,1,-1,2,-9,-5,-9,9,8,13,0.0996094,0.287109,0.881836,35.5,11,6.375
1,0,0,2,16,8,3,1,9,8,13,0.0981445,0.279297,0.893066,32.25,11.375,6.25
-1,-1,-1,1,29,-6,4,13,9,8,13,0.0952148,0.286133,0.875488,37.9375,10.625,4.9375
-3,-3,-1,-2,27,15,-4,1,9,8,13,0.0668945,0.358887,0.873047,38.9375,11.5,3.375
-1,0,-2,3,23,8,-1,-5,9,8,13,0.0683594,0.352051,0.88916,21.625,8.5,4.125
0,-2,-3,-2,43,-6,9,4,10,8,13,0.0825195,0.343262,0.875488,29.1875,9.6875,2
0,2,2,5,13,10,-9,-2,10,8,13,0.0629883,0.372559,0.860352,33.9375,10.0625,1.3125
-1,-3,1,-3,-18,-11,-2,5,10,8,13,0.0556641,0.418457,0.834473,26.6875,9.5625,0.9375
0,0,-1,1,10,11,-7,9,10,8,13,0.0537109,0.402832,0.855957,21.6875,10.4375,1.375
5,1,-2,1,16,-2,1,-9,10,8,13,0.0571289,0.418457,0.827637,29.4375,9.9375,0.5625
-1,1,1,5,6,13,5,26,10,8,13,0.0410156,0.46582,0.814941,30.9375,9.9375,0.1875
-1,0,-1,-6,-51,-2,5,8,10,8,13,0.0229492,0.44873,0.833008,25.6875,7.6875,0.6875
-2,1,2,5,10,15,-4,3,10,8,13,0.0463867,0.452637,0.815918,31.9375,6.8125,0
-2,-1,-2,-2,14,-5,-4,-3,10,8,13,0.0273438,0.51416,0.808594,43.375,13.25,-1.1875
-2,-2,-2,-4,2,2,-24,-22,10,8,13,0.00976562,0.546875,0.781738,22.0625,7.125,-2
0,-1,1,6,-27,5,4,2,10,8,13,0.0136719,0.49707,0.80127,25.0625,8.3125,1.3125
-2,-1,-4,-3,-10,-3,-2,5,10,8,13,0.00976562,0.570312,0.765137,32.75,6.375,-1.0625
2,4,4,5,-2,6,1,-2,10,8,13,0.00927734,0.572266,0.753418,28.5625,6.5,0.1875
-2,-1,-1,2,5,4,-5,-2,10,8,13,-0.00195312,0.563965,0.762207,29.125,4.8125,1.75
1,0,0,-2,-20,4,2,1,10,8,13,0.0175781,0.583984,0.730957,41.1875,6.9375,2.25
2,2,4,2,8,15,2,-4,10,8,13,-0.012207,0.645996,0.700195,37.6875,4.875,0.0625
-1,-1,0,5,-3,0,2,-13,10,8,13,-0.00195312,0.617676,0.707031,34.875,5.1875,2.5
-1,-2,0,-2,-30,-1,-2,2,11,8,13,-0.0112305,0.661621,0.696777,44.6875,5.125,1.4375
-6,-2,-1,1,-8,5,15,16,11,8,13,-0.0117188,0.70459,0.683594,32.0625,1.3125,1.75
-1,0,-1,7,-47,6,2,-1,11,8,13,-0.00683594,0.686523,0.678223,30.5625,1.0625,3.375
2,2,0,4,8,-8,2,-7,11,8,13,-0.0112305,0.734375,0.666992,29.9375,0,1.6875
1,-2,-4,-2,-29,-4,-3,-5,11,8,13,0.00830078,0.72168,0.65625,29.6875,1.5625,3
-2,-2,-4,-1,4,-4,-5,14,11,8,13,-0.019043,0.740234,0.648926,34.9375,1.875,2.25
3,0,2,10,84,13,8,-3,11,8,13,-0.00439453,0.76416,0.596191,34.6875,2.5625,2.375
-2,0,2,3,29,1,-1,6,11,8,13,-0.00146484,0.762695,0.59082,35.375,3.4375,2
-2,-1,-5,-1,15,-7,-1,-6,11,8,13,0.000976562,0.766602,0.598633,38.5,4.5625,2.0625
-2,-3,-3,-9,-41,-2,-9,-16,11,8,13,-0.00341797,0.8125,0.574219,29.5,0.5625,3.4375
-1,-1,1,1,-47,3,-1,-6,11,8,13,0.00488281,0.806641,0.559082,27.75,0,3.8125
1,-3,-2,-1,-8,12,9,19,11,8,13,-0.00585938,0.840332,0.541504,36.125,2.625,2.875
-2,-2,-4,-2,-8,11,-4,0,11,8,13,-0.012207,0.847168,0.541016,30.5,0.6875,5.875
0,0,-3,0,31,-12,-8,-4,11,8,13,0.0078125,0.850586,0.503418,32.875,-0.8125,6
2,-2,-1,3,5,16,1,-7,11,8,13,0.0112305,0.864258,0.476074,32.6875,0.8125,4.5625
0,0,5,8,-13,17,16,17,12,8,13,-0.00585938,0.888184,0.491211,32.875,4.5,4.125
-1,2,1,3,-21,-3,-2,-1,12,8,13,0.0151367,0.871094,0.471191,27.625,3,5.1875
-3,0,-5,-8,-84,-6,-5,-9,12,8,13,0.00488281,0.90625,0.433594,29.25,3.4375,4.9375
1,-2,-4,-5,-36,1,4,13,12,8,13,0,0.909668,0.430664,31,3.875,6.3125
1,1,-3,-5,-19,8,1,-5,12,8,13,-0.00195312,0.926758,0.424316,28.4375,3.375,6.875
-2,-2,-4,-9,-69,-3,-2,-7,12,8,13,0.0219727,0.916504,0.407227,23.5625,1.4375,7.875
-1,1,-1,-2,32,-8,10,33,12,8,13,0.0112305,0.947266,0.375,30.4375,3.9375,3.9375
0,0,9,-2,-17,-14,-3,-2,12,8,13,0.0244141,0.927734,0.364746,19.5,3,5.0625
0,-1,0,-2,31,8,0,-7,12,8,13,0.0234375,0.968262,0.329102,30.75,4.125,2.0625
0,-3,-1,3,12,-9,-9,-7,12,8,13,0.0195312,0.992188,0.335938,22.4375,3.125,2
-1,-1,-9,1,-6,17,4,-3,12,8,13,0.0161133,0.956055,0.315918,24.125,1.375,1
-4,0,-1,-5,1,14,4,0,12,8,13,0.0112305,0.995117,0.307129,25.5625,2.8125,1.0625
-5,-6,-20,-4,47,35,4,-10,12,8,13,0.0336914,0.939941,0.293457,17,1.3125,0.8125
-4,0,2,-1,-22,-2,-3,1,12,8,13,0.0117188,0.993652,0.288086,23.5625,0.875,-0.8125
-2,2,1,-2,-1,30,7,-6,12,8,13,0.00537109,0.994141,0.29248,17.9375,-0.0625,1
-1,-1,1,-11,11,-21,-4,21,12,8,13,0.00927734,1.00244,0.270996,22,1.25,-0.4375
0,2,2,-1,14,-1,2,3,12,8,13,0.0151367,1.00049,0.258789,13.6875,0.0625,0.3125
-2,-5,-4,-13,-43,2,1,1,12,8,13,0.027832,0.977051,0.258301,7.9375,-0.875,1.6875
-1,-1,-4,-4,52,6,-6,-5,12,8,13,0.00927734,1.01807,0.228516,14.75,0.4375,-1.125
-3,-3,-8,-8,38,4,-3,-3,12,8,13,0.027832,0.984863,0.248047,7.5625,-0.0625,1.375
