0,-1,-2,-3,-16,12,3,12,12,8,14,0.0727539,1.0459,0.197754,0.9375,0.5625,0.4375
-9,-1,0,-10,42,-20,-6,5,12,8,14,0.0708008,1.05273,0.200684,-5.1875,-0.0625,0.6875
-17,-44,-2,-4,-12,-3,1,-3,12,8,14,0.0400391,1.12012,0.233887,-17.0625,-3.4375,0
-3,6,0,-3,-12,0,10,12,12,8,14,0.0961914,1.08203,0.19873,-54.4375,-2.875,3.5625
65,-7,-4,1,10,6,2,1,12,8,14,0.0864258,0.987305,0.327148,-56.625,-0.625,0.625
6,21,0,-2,32,-10,17,7,12,8,14,0.112793,0.980957,0.318359,-48.75,-1.25,-2.375
7,5,-3,-5,-57,-24,-2,0,12,8,14,0.0756836,1.03076,0.294434,-57.1875,-1,-2.0625
9,0,3,9,34,18,4,1,12,8,14,0.105957,0.914062,0.376465,-63.375,-2.9375,-3.625
-27,-3,-1,-6,-75,21,-9,1,12,8,14,0.0947266,0.922363,0.384277,-45.8125,-2.5,-4.5
-31,0,2,0,3,16,5,0,12,8,14,0.0776367,0.937012,0.398926,-42.6875,-2.125,-5
1,6,4,0,52,-42,-1,-11,12,8,14,0.0864258,0.907715,0.397461,-41.5,-2.875,-4.125
12,9,-1,-3,-85,-22,3,0,12,8,14,0.0830078,0.911133,0.441895,-42.625,-3.625,-5
36,11,1,1,62,72,-31,1,12,8,14,0.090332,0.882812,0.435547,-46.3125,-4.6875,-3.875
-4,1,1,0,39,28,-3,-3,11,8,14,0.0976562,0.822754,0.494629,-51.625,-3.875,-5.5
-15,-8,0,-3,17,24,-11,-4,11,8,14,0.0947266,0.804199,0.516602,-41.375,-2.875,-6.125
8,-2,-2,-9,-36,-32,3,0,11,8,14,0.0766602,0.865723,0.508301,-46,-6.625,-4.875
7,12,0,3,73,12,12,-1,11,8,14,0.0976562,0.760254,0.552246,-48.9375,-7.375,-2.75
-3,-2,1,3,-19,-4,-2,1,11,8,14,0.0893555,0.79248,0.560547,-40.8125,-6.375,-4
-15,0,-2,-4,-52,-23,-3,-2,11,8,14,0.0839844,0.74707,0.592285,-39.6875,-5.375,-3.0625
11,-4,-1,3,70,51,-14,6,11,8,14,0.0966797,0.740234,0.608887,-37.6875,-3.5625,-4.6875
5,-14,-1,0,80,18,-1,2,11,8,14,0.0961914,0.724609,0.631348,-42.625,-7.1875,-1.9375
20,10,-1,1,-51,-9,14,1,11,8,14,0.0839844,0.701172,0.665527,-44.125,-8.4375,-2
-20,-7,-2,0,-80,14,2,1,11,8,14,0.10498,0.683105,0.677246,-44.1875,-7.9375,-0.125
14,-2,1,11,12,-6,11,1,11,8,14,0.102539,0.674316,0.691895,-46.0625,-8.875,-0.875
-11,-4,-6,-2,28,-22,2,0,11,8,14,0.101562,0.644043,0.70166,-44.75,-8.25,0
3,-20,-3,1,13,46,13,4,11,8,14,0.106445,0.638672,0.714844,-41.375,-7.75,0.375
5,-1,2,-1,5,-51,-1,-1,10,8,14,0.103516,0.606445,0.754395,-42.5,-8.3125,-0.3125
13,27,2,3,32,43,2,3,10,8,14,0.115723,0.614258,0.743164,-48.25,-11.5625,-0.125
3,8,1,-9,-25,-2,8,-2,10,8,14,0.122559,0.575195,0.757324,-51.25,-9.375,-0.125
2,-8,-1,2,53,68,-17,-1,10,8,14,0.0825195,0.575195,0.789551,-51.625,-11.5,-3.1875
26,10,1,-2,-56,-61,2,2,10,8,14,0.135742,0.498047,0.805176,-53,-11.3125,0
11,-4,1,-4,2,10,-3,-2,10,8,14,0.113281,0.498047,0.834961,-56.8125,-14.3125,-2.0625
7,1,-3,-5,-39,-26,4,-1,10,8,14,0.134766,0.447266,0.818848,-61.625,-16.9375,2.5625
-15,-4,-4,-8,92,-1,4,-2,10,8,14,0.162109,0.40918,0.833984,-50.0625,-10.9375,-1
-7,3,3,7,-123,62,8,0,10,8,14,0.149902,0.352539,0.853027,-60.125,-11.1875,1.5625
16,3,-3,-15,-60,17,-13,0,10,8,14,0.155273,0.380859,0.857422,-51.625,-17.1875,1.125
1,-1,4,3,34,-1,-8,-1,10,7,14,0.189941,0.281738,0.891113,-65.0625,-18.625,3.875
-3,4,2,10,9,-43,1,2,9,7,14,0.186523,0.266113,0.888184,-56.875,-18.5625,3.375
-4,3,2,-6,-62,-57,-8,-2,9,7,14,0.207031,0.303223,0.881836,-66.375,-19.9375,3
-22,1,-4,7,27,-5,3,-4,9,7,14,0.228516,0.145508,0.877441,-65.75,-15.625,3.3125
2,0,-9,-9,51,48,3,7,9,7,14,0.227051,0.204102,0.855469,-73.0625,-18.75,2.375
-4,1,2,-1,25,22,2,-2,9,7,14,0.237305,0.0771484,0.911621,-78.3125,-16.1875,2.6875
2,5,0,-5,16,-4,5,-3,9,7,14,0.227051,0.0541992,0.92041,-69.25,-15.9375,2.375
-5,21,1,-2,-127,-6,10,-1,9,7,14,0.250488,0.0239258,0.852051,-72.25,-18.0625,4.5625
4,-1,2,1,-26,-5,-7,-1,9,7,14,0.282715,-0.000976562,0.885742,-70.4375,-16.5,3.4375
-3,2,-1,-8,-47,15,-5,2,8,7,14,0.28125,-0.111816,0.861816,-55.625,-14.1875,3.375
0,-11,1,6,58,-5,10,-1,8,7,14,0.268555,-0.0493164,0.844238,-67.75,-17.1875,2.25
-6,-4,-2,-3,-16,25,-2,-2,8,7,14,0.304688,-0.150391,0.859863,-78.6875,-15.625,3.9375
-25,-15,-3,-2,110,-14,3,-4,8,7,14,0.304199,-0.152832,0.855957,-58.0625,-15.8125,2.375
16,-3,-1,1,13,3,-2,12,8,7,14,0.302246,-0.228027,0.85498,-63.375,-15.75,3.4375
4,-6,-4,-5,-37,9,6,2,8,7,14,0.327637,-0.286621,0.835938,-69.5,-12.6875,3.3125
-4,-14,1,5,-5,-30,-9,1,8,7,14,0.311035,-0.303711,0.785156,-55.9375,-10.25,1.4375
-25,1,-3,4,15,25,-3,-13,8,7,14,0.32666,-0.296875,0.780762,-54.6875,-9.9375,1.8125
11,-2,1,-1,23,-4,-15,3,7,6,14,0.335938,-0.42041,0.794922,-58.875,-6,0.75
12,-9,-3,-9,-90,-5,-18,17,7,6,14,0.317871,-0.338379,0.765137,-57.875,-8.25,-1.4375
12,-7,-5,1,21,-38,13,11,7,6,14,0.338379,-0.455566,0.742676,-64.5625,-11.125,1.5
11,-5,1,7,-97,40,-4,1,7,6,14,0.345703,-0.437012,0.705078,-61.625,-13.5625,0.25
-17,-7,0,4,-54,43,-11,13,7,6,14,0.350098,-0.466309,0.698242,-70.0625,-15.1875,0.75
8,-5,-4,0,82,-15,8,-20,7,6,14,0.37793,-0.530273,0.644531,-65.25,-13,0.1875
49,11,0,-10,-55,-16,-15,0,7,6,14,0.359375,-0.572266,0.638672,-53.1875,-7.75,-1.875
-35,-15,-5,-4,-1,-19,-1,17,7,6,14,0.375,-0.555664,0.611816,-54.125,-8.25,-1
-1,-16,-2,0,52,43,-7,-28,6,6,14,0.374512,-0.581543,0.602051,-49.125,-6.75,-1.6875
43,-17,6,9,-2,22,-32,-6,6,6,14,0.378906,-0.629395,0.572754,-58.25,-4.8125,-1.875
-67,62,-2,-13,6,-115,1,-31,6,6,14,0.392578,-0.60498,0.569336,-59.4375,-6.875,-1.25
55,7,-2,-5,35,23,-2,10,6,6,14,0.377441,-0.70459,0.51416,-72.3125,-7.125,-1.6875
-36,-8,0,-3,11,-6,7,-2,6,6,14,0.407227,-0.694336,0.48291,-56.875,-5.875,-0.5
16,6,5,-2,-56,-32,-32,0,6,6,14,0.417969,-0.731445,0.432129,-44.875,0,-1.8125
-29,-9,4,18,-19,68,15,1,6,6,14,0.384766,-0.716309,0.398438,-43.75,2.5,-2.875
-8,0,2,3,38,17,-11,7,6,6,14,0.389648,-0.699219,0.410156,-49.875,-0.1875,-3.75
-26,13,-11,-15,12,-91,27,-5,6,6,14,0.361328,-0.756348,0.381836,-46.0625,-1.125,-5.4375
-11,-21,13,9,66,124,13,6,6,6,14,0.39209,-0.771973,0.374512,-40.4375,-7.5,-3.375
-108,-26,1,8,17,116,20,-2,5,6,14,0.388672,-0.77002,0.331055,-30.6875,-6.4375,-3.375
23,-10,1,-5,2,-60,-13,-4,5,6,14,0.390625,-0.781738,0.306152,-27.125,-7.375,-3.5
-6,-5,9,12,27,84,-6,6,5,6,14,0.412598,-0.788574,0.316406,-17.375,-6.8125,-1.4375
40,-31,-18,-32,-38,27,22,-8,5,6,14,0.394043,-0.805664,0.304688,-16,-6.4375,-1.5
