0,-1,-3,-13,-57,-6,5,3,13,8,14,0.00683594,1.04834,0.0600586,-2.0625,0.8125,0.25
-3,-3,-3,-5,11,-3,-7,15,13,8,14,0.0214844,1.02686,0.0625,-2.8125,0.0625,1.125
-3,2,-1,-7,-15,-3,6,14,13,8,14,-0.0292969,1.0957,0.0883789,-12.375,0.125,0.6875
-8,1,-2,-4,-11,-17,-10,2,13,8,14,-0.0341797,1.09277,0.0908203,-22.3125,-1.1875,1.4375
1,3,0,2,-57,2,-2,3,13,8,14,0.0400391,1.0752,0.0913086,-22.5,0.25,1.3125
-24,4,-1,0,-26,17,8,-18,13,8,14,0.0146484,1.06299,0.103516,-32.875,-0.4375,0.125
7,-2,1,6,3,7,1,-3,13,8,14,0.0292969,1.03613,0.118164,-21,3.625,-0.125
6,-2,2,0,-17,6,1,11,13,8,14,0.0112305,1.04443,0.152832,-21.5,2.6875,1.4375
3,1,-3,-7,-5,-2,-2,3,13,8,14,0.0219727,1.00879,0.158691,-31.125,-1.625,5.3125
1,1,0,-5,-13,-1,-3,3,13,8,14,-0.00537109,1.08984,0.137207,-12.6875,-1.875,2.5625
0,-2,-1,0,-57,-25,0,10,12,8,14,0.00292969,1.09521,0.124512,-34.3125,-3,4.75
-14,-3,-1,2,-19,12,-13,-4,12,8,14,0.0268555,0.974121,0.211426,-36.875,-3.3125,5.3125
-43,-13,2,-4,19,-9,-10,1,12,8,14,-0.00830078,1.09961,0.213867,-32.6875,-5.4375,3.9375
7,-1,1,4,-28,19,8,7,12,8,14,0.0625,0.979492,0.219238,-64,-5.875,10.25
13,-6,0,5,-23,0,-3,-13,12,8,14,0.0390625,0.950195,0.299805,-57.75,-6.5,7.8125
4,-6,3,8,69,0,6,1,12,8,14,0.0893555,0.936035,0.300781,-45.5,-9.1875,6.3125
-3,-3,-2,-1,-19,88,-6,24,12,8,14,0.0561523,0.991699,0.317383,-40.125,-8.6875,6.25
3,8,-2,0,1,-18,-6,13,12,8,14,0.0795898,0.921387,0.344238,-51.9375,-9.0625,5.3125
6,-1,0,3,-20,8,-8,0,12,8,14,0.0776367,0.932617,0.381836,-46.9375,-9.5625,3.25
8,4,0,-6,-9,-30,0,-6,12,8,14,0.0849609,0.938965,0.399902,-47.625,-8.25,2.875
-38,1,2,3,3,8,0,-1,12,8,14,0.0986328,0.893066,0.42041,-43.6875,-6.25,2.75
-4,-4,4,4,22,-9,-4,-1,12,8,14,0.081543,0.915527,0.437012,-42.5625,-9.4375,1.8125
4,2,-1,-11,-44,26,-8,2,12,8,14,0.0795898,0.867188,0.474609,-40.625,-7.75,2.75
-1,2,1,4,8,-2,0,-2,11,8,14,0.0893555,0.842773,0.492188,-46.3125,-11.0625,2.0625
-2,-7,-3,-2,-10,-15,-5,-3,11,8,14,0.101562,0.821777,0.499512,-44.0625,-11.25,3.5625
-2,-4,1,-1,-43,-12,7,-1,11,8,14,0.102051,0.829102,0.509277,-40.9375,-10.375,2.5625
12,-7,0,2,-22,19,2,3,11,8,14,0.117188,0.758301,0.552246,-33.6875,-8.75,2.875
-6,8,3,5,38,-4,1,-3,11,8,14,0.111328,0.838379,0.557129,-32.8125,-10.875,2.1875
3,-1,0,-1,9,-17,0,-1,11,8,14,0.115723,0.802246,0.5625,-40.25,-11.9375,2.9375
17,-1,-4,-3,21,9,2,14,11,8,14,0.144531,0.731445,0.585449,-25.9375,-7.3125,2.4375
-1,-1,2,1,24,-17,1,10,11,8,14,0.113281,0.789551,0.625488,-21.625,-5.5,-0.5625
-16,-5,1,1,-72,7,2,-41,11,8,14,0.132812,0.725098,0.608887,-27.0625,-7.8125,2.125
8,-1,2,2,16,-31,-13,-54,11,8,14,0.129883,0.74707,0.608398,-22.625,-5.3125,1
-4,4,1,1,-101,8,4,-15,11,8,14,0.12793,0.728516,0.674316,-16.75,-2.1875,-1.25
-8,-19,-3,1,86,26,3,-1,11,8,14,0.125977,0.773438,0.644531,-35.25,-11.625,-0.9375
6,-11,-2,-12,24,13,-9,11,11,8,14,0.134277,0.695801,0.680176,-36.1875,-7.4375,-1.9375
-5,3,1,-4,-44,19,-5,5,11,8,14,0.140137,0.714844,0.710938,-35.9375,-8.3125,-2.75
-22,3,0,-6,-16,1,-4,-48,11,8,14,0.140625,0.692871,0.703613,-44,-8.5625,-2.5625
4,2,1,13,11,8,8,24,11,8,14,0.159668,0.626953,0.725586,-36.6875,-5.375,-1.4375
-3,-7,-3,1,19,16,-3,46,11,8,14,0.144531,0.645508,0.729492,-37.6875,-10,-3.0625
2,-5,1,-1,-9,-13,-10,30,10,8,14,0.148438,0.606445,0.747559,-41.6875,-11.875,1.9375
6,0,0,-3,-61,6,9,2,10,8,14,0.180176,0.569824,0.743164,-44.6875,-12.5625,1.5625
3,3,1,-2,-35,19,4,-16,10,8,14,0.163574,0.524414,0.751953,-39.5,-10,1.4375
3,4,0,0,-30,10,3,1,10,8,14,0.191406,0.549316,0.76709,-37.3125,-10.0625,3.4375
6,-9,-1,1,-18,31,-11,-3,10,7,14,0.184082,0.556641,0.79834,-38.8125,-10.4375,1.0625
2,-9,-2,-8,-59,-70,3,3,10,7,14,0.209961,0.469727,0.784668,-52.75,-13.0625,3.875
-15,7,-1,0,62,-30,-3,-19,10,7,14,0.202148,0.503418,0.820312,-55.8125,-13.3125,1.875
-4,2,2,-8,-9,-14,9,2,10,7,14,0.202148,0.460449,0.821289,-62.9375,-14.75,2.5
3,4,-3,-3,-69,32,1,-3,10,7,14,0.214844,0.370605,0.813477,-37.5625,-11.125,2.8125
-9,-2,1,2,10,-9,5,18,10,7,14,0.22998,0.396484,0.829102,-53.5625,-12,3.25
-4,-4,4,5,-23,-11,4,2,10,7,14,0.21582,0.35498,0.845703,-36.125,-9.0625,1.8125
-3,8,0,3,-20,-49,1,-10,10,7,14,0.243164,0.320801,0.855957,-45.75,-10.125,3.875
-7,2,-2,-1,26,-10,2,6,10,7,14,0.23291,0.318359,0.867676,-43.75,-9.6875,3.1875
8,-1,-1,0,-3,-6,10,15,9,7,14,0.243652,0.283203,0.879395,-45.8125,-10.9375,3.5625
2,-6,-3,2,-11,25,28,42,9,7,14,0.246582,0.253906,0.874023,-53.0625,-13.3125,4.6875
-1,-16,-2,8,-28,-18,2,5,9,7,14,0.28125,0.188965,0.87793,-55.625,-11.9375,5.125
-7,10,1,-4,-29,1,2,5,9,7,14,0.266602,0.180176,0.867188,-52.25,-11.25,3.4375
13,-1,-2,-1,-83,-59,9,7,9,7,14,0.28125,0.146973,0.863281,-54.1875,-11.625,4.8125
-16,-14,-2,3,57,4,15,-8,9,7,14,0.273926,0.123535,0.907227,-34.25,-6.8125,2.5625
-3,0,-1,-4,58,3,-2,2,9,7,14,0.29834,0.0512695,0.875488,-56.125,-9.375,5.5
25,17,-1,-1,10,-64,-9,8,9,7,14,0.266113,0.129395,0.883301,-32.9375,-8.1875,3.3125
6,5,-1,-5,-19,2,-3,-17,9,7,14,0.302734,0.13623,0.880859,-63,-13.1875,5.5
6,-15,-2,-2,22,42,-34,-4,9,7,14,0.295898,-0.0664062,0.872559,-30.8125,-7.6875,5
5,16,-1,-3,-19,-34,2,-12,9,7,14,0.285645,0.0356445,0.894043,-43.6875,-10,6.5
11,-4,-2,2,-47,-77,-1,15,8,7,14,0.307617,-0.0908203,0.885254,-51,-10.5625,5.8125
6,-13,-5,0,-77,14,-10,6,8,7,14,0.313477,-0.0615234,0.853027,-38.5625,-9,4.3125
-18,0,0,-9,-69,-35,2,-16,8,7,14,0.327637,-0.0898438,0.85791,-42.8125,-8.6875,4.25
