0,-3,1,1,1,63,-8,1,8,7,13,0.30957,-0.186035,0.853516,-1.0625,-0.125,0.375
7,-3,-2,0,10,22,-6,-2,8,7,13,0.296875,-0.166992,0.86377,3,0.375,-0.6875
-2,4,-13,-7,3,-4,-12,-2,8,7,13,0.299316,-0.1875,0.858398,5.9375,2,0.6875
-7,4,3,-2,12,30,-2,2,8,7,13,0.319824,-0.192383,0.864258,16.3125,6,0.3125
-9,-5,13,-4,-16,2,1,-2,8,7,13,0.290527,-0.168945,0.87793,34.375,14.6875,-1.0625
-1,7,1,-4,-7,40,-6,0,8,7,13,0.258789,-0.0878906,0.883301,45.375,16.0625,1.5625
-1,8,-1,-6,-50,-11,5,0,8,7,13,0.275391,-0.0932617,0.907227,30.5625,14.25,0.875
-11,-3,-5,-3,-18,1,6,0,8,7,13,0.270996,-0.118164,0.895508,30.375,14,-0.75
1,2,0,3,10,-20,5,1,8,7,13,0.268555,-0.0395508,0.878418,29.25,15,-0.75
5,3,-1,-6,-22,-7,7,1,8,7,13,0.251953,-0.0537109,0.900391,34.75,16.8125,0.25
-1,2,-1,-4,-16,-12,0,0,8,7,13,0.243652,-0.0341797,0.890625,44.625,20.0625,0.4375
-2,-2,-2,1,19,-5,5,0,9,7,13,0.220703,0.0263672,0.89502,42.25,20.9375,2.3125
1,-2,-3,-3,36,32,-7,-3,9,7,13,0.204102,0.046875,0.907715,37,21.0625,2.9375
0,1,1,3,-17,5,-12,-1,9,7,13,0.194824,0.0625,0.901855,35.5,20,2.5
-2,-3,-4,-8,12,78,-5,-1,9,7,13,0.179199,0.0854492,0.893066,27.5625,17.6875,2
-1,-2,-9,5,15,19,-4,1,9,7,13,0.174805,0.0942383,0.901855,28.0625,16.25,3
0,-2,1,-1,-4,-4,-3,-1,9,7,13,0.16748,0.0986328,0.898438,32.6875,15.75,3.3125
-2,1,-1,1,4,-25,3,-4,9,7,13,0.163574,0.143066,0.878906,31.5,14.625,3.8125
-2,0,0,-1,12,-15,-2,-1,9,8,13,0.150391,0.155762,0.888184,26.875,14.75,3.9375
0,3,10,2,4,1,-2,0,9,8,13,0.147461,0.172363,0.89502,24.25,11.75,5.0625
0,-2,4,3,15,11,0,2,9,8,13,0.139648,0.177734,0.89209,26.9375,10.875,4.4375
0,-2,-4,-6,-23,7,-1,0,9,8,13,0.120117,0.197754,0.880859,32.9375,13.25,4.125
2,0,-1,-4,-8,6,-5,-1,9,8,13,0.110352,0.249512,0.863281,38.0625,11.625,4.125
-1,2,-3,3,39,-9,3,0,9,8,13,0.108398,0.274414,0.864746,35.9375,10.875,4.125
1,-1,1,-1,-19,-6,-3,0,9,8,13,0.107422,0.266113,0.878906,29.3125,9.5,5.0625
-2,0,-2,-1,14,-7,1,0,9,8,13,0.0952148,0.292969,0.871094,37.875,9.5,2.5
-2,0,2,3,9,2,3,1,9,8,13,0.0898438,0.318848,0.869629,33.875,9.875,4.5625
0,-2,0,7,-3,-3,0,3,9,8,13,0.0927734,0.302734,0.867676,36.5625,11.0625,5.5625
-2,0,9,0,22,-1,-1,-2,10,8,13,0.0834961,0.374512,0.854004,51.6875,12,2.5
1,-1,-4,0,14,-4,-2,-1,10,8,13,0.0795898,0.413574,0.84668,37,10.125,3.125
-3,0,10,-2,19,0,-2,0,10,8,13,0.0673828,0.394043,0.850098,31.8125,8.8125,2.5
2,1,0,2,5,-1,1,1,10,8,13,0.0654297,0.437012,0.84082,31.75,6.75,2.625
-2,-1,-3,-9,-4,-8,1,-1,10,8,13,0.0698242,0.447754,0.827148,30.5,6.5,3.9375
5,-3,-1,2,15,-5,-6,-2,10,8,13,0.0600586,0.447266,0.820801,33.1875,7,4.1875
-3,-2,-1,2,-17,13,10,1,10,8,13,0.0488281,0.498047,0.816406,33.875,7.25,3.375
4,-2,4,4,-12,-12,-2,2,10,8,13,0.059082,0.495605,0.798828,34.4375,8.4375,3.3125
-4,0,3,3,-1,12,3,2,10,8,13,0.0322266,0.547363,0.797363,35.9375,7.5625,1.5625
0,-2,-5,-8,-8,1,1,2,10,8,13,0.0478516,0.566895,0.792969,29.0625,6.5625,3
1,-3,-3,-1,50,-2,1,-3,10,8,13,0.0527344,0.54541,0.78418,24.8125,4.25,1.875
-1,3,0,2,11,3,0,-4,10,8,13,0.027832,0.57959,0.772949,29.375,3.4375,1.1875
0,2,3,0,-26,-1,3,-1,10,8,13,0.0566406,0.577637,0.743164,20.375,2.75,2.375
1,-2,-6,-10,-54,-19,-11,-4,10,8,13,0.0249023,0.59668,0.756348,33.75,4.75,0.625
6,-1,0,-2,4,3,0,0,10,8,13,0.0258789,0.64502,0.73584,31.3125,3.8125,0.1875
4,2,1,3,4,2,2,2,10,8,13,0.0454102,0.619629,0.719727,25.0625,6.3125,1
-2,-3,0,2,29,-7,-5,0,10,8,13,0.0268555,0.647461,0.722168,28.5,3.5625,-1.375
0,-4,-1,-2,-18,-1,4,-3,11,8,13,0.0307617,0.647949,0.70459,21.5625,2.625,0
1,1,-1,-1,-7,-2,-1,0,11,8,13,0.0302734,0.674805,0.678711,31.1875,3,-0.3125
-1,-2,3,2,-29,5,1,-1,11,8,13,0.0283203,0.692383,0.67334,31.6875,3.5625,0.9375
-2,1,-1,-2,-22,-4,3,-2,11,8,13,0.0239258,0.693359,0.674805,37.125,5.5,0.4375
4,-3,-8,0,9,1,-3,-6,11,8,13,0.0219727,0.720215,0.655273,37.5625,4.6875,-1
-11,0,2,-1,-10,3,1,-6,11,8,13,0.0327148,0.733398,0.631348,37,7.625,0.125
3,-2,-2,-5,32,2,-2,-4,11,8,13,-0.0117188,0.785156,0.644531,36.25,6,-0.125
-2,1,-2,0,33,1,6,0,11,8,13,0.0166016,0.774414,0.616211,29.25,3.5,0.0625
3,2,-1,0,-12,-6,-1,1,11,8,13,0.0175781,0.76416,0.599121,33.375,4.6875,1.125
-2,1,1,6,19,-1,1,-1,11,8,13,-0.00488281,0.816406,0.586914,31.125,3.9375,1.9375
5,1,-6,-4,-37,-3,-2,-1,11,8,13,0.019043,0.812988,0.55127,31.1875,4.8125,1.6875
-2,-2,2,2,42,-2,-3,4,11,8,13,0.00927734,0.82959,0.524414,44.6875,9.375,2.5625
1,-1,-4,0,12,-3,4,1,11,8,13,0.0151367,0.84375,0.516113,44.0625,9.875,3.5
