-6,3,0,-3,101,-9,-6,-2,8,6,13,0.361328,-0.279297,0.825684,-4.125,0.0625,0.8125
-3,2,0,3,44,20,1,9,8,6,13,0.352051,-0.25293,0.808594,6.125,0.9375,-0.0625
-3,-3,-2,-3,-5,-22,0,-1,8,6,13,0.366699,-0.292969,0.808594,17.4375,5.125,0.4375
-1,-1,0,3,42,-41,6,0,8,6,13,0.356445,-0.289062,0.838867,31.1875,9.875,-1
1,-2,-2,-1,-55,-16,9,2,8,6,13,0.333496,-0.251953,0.852539,63.75,17.375,-2.375
0,-4,-14,-13,-23,-7,1,-1,8,6,13,0.299805,-0.11377,0.82959,83.75,22.375,0.375
-1,0,2,-2,-4,-4,0,0,8,7,13,0.310547,-0.0996094,0.860352,34.4375,14.6875,2.75
3,8,2,1,19,2,4,1,8,7,13,0.30957,-0.119629,0.894043,36.5,15.3125,0.75
0,-2,-3,-14,-28,6,-1,-2,8,7,13,0.311523,-0.0678711,0.885742,40.4375,19.375,-0.5
-2,-1,-3,4,20,-1,2,1,8,7,13,0.294922,-0.0600586,0.890137,31.75,20.0625,-1.125
0,-2,-1,-5,12,-5,-15,-1,8,7,13,0.270508,-0.0776367,0.90625,29.5,21.125,-1.3125
-1,-1,0,4,-18,10,0,-1,8,7,13,0.246094,-0.0151367,0.916016,33.625,25.25,-1.875
-3,-3,-1,-2,-30,-9,-4,-3,8,7,13,0.231445,-0.0175781,0.903809,37,25,-0.5625
-2,-2,-5,-10,-5,3,2,1,8,7,13,0.235352,-0.0200195,0.911621,40.3125,25.1875,1.4375
-1,2,0,3,6,-12,4,2,9,7,13,0.208496,0.0615234,0.882812,49.375,26.4375,2
0,-3,-8,-2,-48,-4,4,1,9,7,13,0.19043,0.0791016,0.879395,41,23.3125,2.1875
-1,0,4,3,9,2,6,1,9,7,13,0.185547,0.0776367,0.870605,42.3125,22.1875,5
-1,-1,-4,-11,-21,-11,-3,-2,9,7,13,0.169922,0.117188,0.866699,46.4375,20.8125,5.1875
-1,-1,2,-3,-9,1,1,-2,9,7,13,0.147461,0.158203,0.855469,42.6875,18.5,5.75
0,-2,-2,-1,-23,-12,-1,0,9,8,13,0.143555,0.179199,0.885742,40.5625,15.9375,6.75
0,-2,-3,-1,47,9,0,1,9,8,13,0.123047,0.19043,0.878906,43.875,15.9375,7.3125
1,1,-1,4,-18,10,-1,-1,9,8,13,0.124023,0.262207,0.864258,50.5,15.25,7.4375
-3,-1,-2,5,16,1,1,-1,9,8,13,0.108887,0.294434,0.876465,49.125,14.875,7.5
-2,-1,-4,0,-27,-2,-1,-1,9,8,13,0.111328,0.291504,0.869629,38.0625,11.9375,6.0625
1,0,0,3,1,9,3,2,9,8,13,0.103027,0.318359,0.88916,42.8125,10.0625,5.0625
1,-1,0,-2,-38,-2,2,-1,9,8,13,0.104004,0.35498,0.859863,41.3125,12,5.1875
-2,-1,-5,-3,-15,-3,-1,-2,10,8,13,0.0834961,0.370605,0.862305,35.4375,9.5625,2.5625
1,-2,-2,-1,18,23,-6,0,10,8,13,0.0908203,0.378906,0.852539,37.875,10.5,4.75
-1,0,2,-3,22,-9,-5,-2,10,8,13,0.0732422,0.422852,0.835449,47.625,11,2.6875
3,2,2,4,11,6,4,2,10,8,13,0.0615234,0.452637,0.838867,44.5625,9.625,1.6875
-1,-1,-3,-1,10,0,-3,-3,10,8,13,0.0698242,0.466797,0.812988,37.5625,8.5625,1.9375
0,1,0,9,32,9,2,1,10,8,13,0.0639648,0.497559,0.817383,40.3125,8.25,1.125
-1,1,1,1,30,4,-1,-2,10,8,13,0.0688477,0.527832,0.806152,29.1875,4.1875,1.0625
-25,-1,2,3,-14,-4,0,-1,10,8,13,0.0751953,0.509766,0.797852,25.125,4.4375,2.6875
-2,1,-3,-1,-61,-17,-7,-1,10,8,13,0.0639648,0.520508,0.789551,36,5.6875,1.9375
-3,0,-6,0,12,5,1,-2,10,8,13,0.0566406,0.571289,0.760742,33.875,7.4375,3.1875
7,-1,-3,-2,7,-6,-3,1,10,8,13,0.0561523,0.563477,0.758789,33.4375,6.75,3.125
5,-4,-3,-8,-3,0,0,-3,10,8,13,0.0429688,0.61377,0.764648,35.125,6.125,3.3125
-2,-4,-1,2,-13,-1,0,-2,10,8,13,0.059082,0.635254,0.72998,22.25,4.5,3.625
0,-1,-1,5,16,1,5,-3,10,8,13,0.0512695,0.607422,0.723633,21.4375,4.6875,3.5625
4,-2,-1,-1,-7,-1,-3,-1,10,8,13,0.0390625,0.64209,0.727539,30.0625,4.6875,3.1875
-3,1,1,-4,-14,0,2,4,11,8,13,0.0493164,0.689453,0.677246,27.625,3.125,2.6875
-13,-2,-2,0,22,-2,0,-5,11,8,13,0.0336914,0.660645,0.702148,23.0625,3,2.625
-2,1,0,4,50,1,1,2,11,8,13,0.0439453,0.67627,0.691406,30.5,4.8125,2.375
0,0,1,3,5,5,0,-2,11,8,13,0.0449219,0.717285,0.673828,30.8125,5.375,0.4375
-1,2,8,-4,29,9,0,0,11,8,13,0.0234375,0.69873,0.666504,23.1875,3.75,1.125
-2,0,0,1,15,2,1,1,11,8,13,0.0610352,0.715332,0.638184,32.625,5.6875,1.5625
1,2,4,0,-23,-1,1,0,11,8,13,0.0273438,0.769531,0.626953,35.375,5.9375,0.125
6,1,0,-6,-36,-1,1,0,11,8,13,0.0322266,0.74707,0.62207,23.6875,3.4375,2.75
3,-1,-3,-1,2,4,-2,1,11,8,13,0.0307617,0.749023,0.618652,26,2.8125,2.0625
-2,-2,-4,-2,50,4,0,-2,11,8,13,0.0273438,0.802246,0.605957,28.8125,2.8125,1.625
-5,-3,-4,-2,5,-3,-3,-1,11,8,13,0.0424805,0.788574,0.583008,26.0625,3.125,2.1875
2,-2,-2,0,17,1,1,1,11,8,13,0.0424805,0.796875,0.542969,30.125,3.5625,1.8125
1,0,9,-1,-18,-5,-2,-1,11,8,13,0.0400391,0.805176,0.540039,31.4375,5.25,2.4375
-2,0,-2,0,-18,-1,-1,0,11,8,13,0.0419922,0.820312,0.533691,30.5625,3.875,2.4375
-1,1,5,3,15,8,3,0,11,8,13,0.0166016,0.833496,0.51709,34.5625,4.8125,2.5625
-1,-1,-2,-6,-8,4,4,0,11,8,13,0.019043,0.849609,0.521973,27.5,2.3125,3.8125
-1,-4,-14,-5,41,-1,-2,-2,11,8,13,0.0473633,0.856934,0.500977,30.4375,3.5625,3.6875
1,0,4,5,15,-12,2,7,11,8,13,0.0214844,0.898926,0.48291,21.5625,2.125,1.6875
-4,-2,-4,-6,8,-8,-2,3,12,8,13,0.0424805,0.865234,0.48291,19.0625,2.75,3.3125
0,-2,2,1,50,7,1,-1,12,8,13,0.027832,0.909668,0.462402,31.3125,4.625,1.5
0,-3,-9,-6,-2,5,-2,-2,12,8,13,0.0336914,0.90625,0.433594,15.75,2.8125,2.5
0,-1,0,0,-25,-15,-4,0,12,8,13,0.0273438,0.905762,0.433594,28.3125,4.5625,2.625
