-5,-4,-7,14,22,-36,-8,-36,11,7,7,0.358887,0.554688,0.71875,-8.1875,-14.8125,-1.5625
2,-10,-23,-16,-3,-13,-9,-5,11,7,7,0.400391,0.511719,0.982422,-5.875,-13,1.0625
-15,-5,-1,9,5,-19,-4,-16,11,7,7,0.193359,0.584473,0.523926,-4.625,-1.625,0.125
-1,3,33,3,0,-2,5,-84,11,7,7,-0.119629,0.802734,0.347656,7.4375,-3.0625,1.5
-1,-8,-10,5,-3,-21,4,31,11,7,7,0.362305,0.535645,0.951172,-4.3125,-10.75,1
12,-9,-16,1,22,12,10,-51,11,7,7,0.264648,0.551758,0.656738,-10.9375,-2.375,5
-12,-12,-10,6,-39,-20,8,-16,11,7,7,0.00732422,0.69043,0.351074,-12.3125,-1.5625,6.1875
15,-1,-8,-72,-6,23,2,30,11,7,7,0.0664062,0.723145,0.566895,-24.375,-7.5625,16.375
2,9,7,-12,-17,1,-9,6,11,7,7,0.103027,0.65625,0.661621,3.6875,2.375,-10.1875
-3,5,0,-15,-7,3,10,30,11,7,7,0.097168,0.544922,0.628418,-1.5625,-6.4375,5.9375
-5,-1,0,-62,-42,25,-4,-33,11,7,7,0.195801,0.620117,0.644531,-0.75,-9.75,5.25
-2,5,27,-19,1,-3,0,-16,11,7,7,0.195312,0.628906,0.638672,-5.25,-10.375,4.8125
0,-6,3,-24,-23,3,-2,9,11,7,7,0.137695,0.529785,0.665527,-6.1875,-5,2.75
5,-2,-2,22,-15,5,4,10,11,7,7,0.233887,0.644531,0.652832,-3.625,-7.8125,3.5625
1,8,12,18,6,0,-3,-27,11,7,7,0.175293,0.603027,0.675293,-4.5625,-5.6875,-2.5625
-1,3,11,7,-11,-18,-10,-34,11,7,7,0.198242,0.619141,0.644531,3.3125,-4.625,1.0625
-14,-5,7,24,0,-3,-8,-10,11,7,7,0.200195,0.62207,0.666016,-5.875,-5,-0.375
5,9,26,18,-50,1,-5,-9,11,7,7,0.187012,0.604004,0.666992,-4,-4.5,-3.625
5,-7,-1,37,15,12,-2,96,11,7,7,0.166504,0.553223,0.652832,2,-4.875,1.125
1,3,-2,1,-50,5,-10,-6,11,7,7,0.209473,0.617676,0.662598,-1.125,-4.5625,0.4375
-4,0,-7,54,22,-1,-2,5,11,7,7,0.181641,0.606934,0.661133,-1.3125,-4.25,-2.3125
-5,4,4,-63,0,-2,-5,-21,11,7,6,0.172363,0.560059,0.651855,-2.8125,-6.3125,2.125
-5,-2,-16,-3,-27,-12,-5,-14,11,7,6,0.210449,0.637695,0.656738,0.9375,-5.9375,0.4375
0,-5,-7,-18,-17,-2,-2,5,11,7,6,0.166992,0.602539,0.649414,-3,-5.0625,-1.125
4,-1,-1,2,0,-1,2,30,11,7,6,0.148926,0.558594,0.653809,-0.9375,-7.5625,0.8125
-2,-9,-23,-31,-3,2,14,-1,11,7,6,0.220703,0.619629,0.665527,3.875,-6.5625,3.75
-5,-4,-7,25,16,0,-4,3,11,7,6,0.189941,0.585938,0.650879,-3.125,-7.6875,1.125
-5,-6,-12,-70,-16,1,2,17,11,7,6,0.194336,0.592285,0.662598,-2.25,-5.75,1.625
-1,-2,8,52,25,11,-5,9,11,7,6,0.208984,0.609863,0.652344,-2,-5.625,0.25
-3,0,-3,-78,-28,-5,-8,1,11,7,6,0.19873,0.595215,0.655762,-4.3125,-7,-0.875
2,1,5,-6,5,8,7,8,11,7,6,0.188477,0.591797,0.663574,-0.5625,-3.5,0.5625
-9,-4,4,46,-25,10,-4,-16,11,7,6,0.189453,0.596191,0.670898,0.875,-4,-0.5
-1,-5,0,63,6,-1,-23,72,11,7,6,0.204102,0.590332,0.655762,-0.4375,-7.3125,0.1875
-3,-2,-17,-4,-5,0,9,1,11,7,6,0.20166,0.599609,0.651855,-0.375,-5.1875,0.4375
-13,-5,-2,54,18,-9,1,8,11,7,6,0.196777,0.605957,0.65918,1.1875,-4.0625,-0.9375
-2,4,11,-11,37,2,-4,-26,11,7,6,0.195801,0.568848,0.656738,-2.125,-6.1875,0.5625
-5,-4,-9,-80,15,4,25,-1,11,7,6,0.210938,0.616699,0.651855,2.0625,-5.5,-1.3125
-3,-2,7,50,13,-2,10,-12,11,7,6,0.194336,0.577148,0.657227,-2,-6.1875,-1.1875
-4,-6,-13,2,75,-29,-19,33,11,7,6,0.202637,0.571777,0.662109,0.625,-5.875,-0.125
3,-5,-17,-26,-26,1,2,10,11,7,6,0.196777,0.613281,0.660156,1.5,-4.625,-1.0625
5,-5,1,43,-25,-4,-4,-3,11,7,6,0.188965,0.59082,0.652344,-2.5625,-5.75,-0.8125
2,0,-10,26,25,-25,17,-40,11,7,6,0.19873,0.580566,0.669434,1.1875,-5.875,1.5625
8,2,4,6,-13,15,-1,-18,11,7,6,0.210938,0.598145,0.648926,-1.375,-5.375,-1.6875
7,3,33,5,16,-55,-22,11,11,7,6,0.185059,0.593262,0.649414,1.375,-5.4375,-1.5625
1,1,10,63,-5,18,-56,35,11,7,6,0.196289,0.573242,0.648438,-0.25,-5.8125,0.5
-3,-4,-12,-105,-31,2,33,3,11,7,6,0.209473,0.61084,0.651367,0.0625,-4.875,-2.375
-4,-5,-19,23,-19,-16,37,-20,11,7,6,0.191406,0.586426,0.658691,-2.625,-5,-2.125
-7,-9,-41,-20,-22,-32,1,-13,11,7,6,0.201172,0.59375,0.657227,3.9375,-5.9375,-1.0625
-7,-6,-3,-5,21,-2,0,7,11,7,6,0.20752,0.607422,0.643066,2.6875,-6.4375,-1.4375
2,2,-1,56,-31,18,25,15,11,7,6,0.195312,0.591309,0.655273,-2.75,-5.125,-2.125
-10,-8,-32,49,14,5,-6,-10,11,7,6,0.201172,0.598145,0.651855,-0.0625,-6.0625,-0.3125
8,8,23,106,12,-12,7,52,11,7,6,0.206055,0.603516,0.655762,1.25,-6.5625,-0.8125
-2,3,3,-44,92,-14,31,-14,11,7,6,0.185547,0.594727,0.655762,2.5625,-5.4375,0
-7,-7,-18,-57,-19,-1,-30,-78,11,7,6,0.203613,0.595703,0.654785,-0.3125,-4.75,-0.4375
2,4,12,11,66,16,26,8,11,7,6,0.211426,0.598633,0.658203,-2.625,-6.4375,-0.1875
-6,1,-2,99,-35,30,13,83,11,7,6,0.195312,0.585938,0.654297,-0.0625,-5.8125,-1.375
-8,-10,-10,-39,23,2,1,31,11,7,6,0.205078,0.596191,0.649902,-0.125,-4.6875,-1.125
24,1,-13,-68,10,29,91,37,11,7,6,0.203125,0.605957,0.658691,-0.9375,-5.6875,-0.75
-12,-3,-31,-71,4,-14,-43,7,11,7,6,0.195801,0.604492,0.658691,2.1875,-5.6875,-1.25
3,6,32,-34,-22,-11,36,8,11,7,6,0.197266,0.57959,0.65918,-3.625,-4.875,-1.5625
-12,-11,-61,-107,-95,-28,-5,22,11,7,6,0.205566,0.602051,0.654297,0,-4.8125,-0.875
-12,2,-9,113,-42,-9,-18,-1,11,7,6,0.213379,0.606445,0.651855,0.125,-4.625,-1.3125
3,0,11,-23,-36,-7,-46,-32,11,7,6,0.192871,0.591309,0.653809,-2.625,-3.8125,-2.4375
